{
  "table": [
    ["   ", "501", "502", "503", "504", "505", "506", "507", "509", "508"],
    ["501", "519", "521", "523", "525", "6022", "529", "1001", "535", "91088"],
    ["502", "521", "1007", "539", "541", "543", "545", "547", "551", "91090"],
    ["503", "523", "539", "553", "555", "1003", "559", "561", "565", "91079"],
    ["504", "525", "541", "555", "567", "7034", "1004", "573", "577", "91084"],
    ["505", "6022", "543", "1003", "7034", "579", "581", "583", "1009", "91071"],
    ["506", "529", "545", "559", "1004", "581", "589", "1006", "595", "91082"],
    ["507", "1001", "547", "561", "573", "583", "1006", "597", "801", "91074"],
    ["509", "535", "551", "565", "577", "1009", "595", "801", "607", "91077"],
    ["508", "91088", "91090", "91079", "91084", "91071", "91082", "91074", "91077", "603"]
  ]
}